5;
8;4;121;32;3;
4;
10;4;111;32;3;
14;
10;3;81;32;2;
29;
11;4;116;35;2;
26;
11;4;116;35;2;
6;
11;3;84;35;0;
13;
11;2;64;35;0;
8;
11;1;35;35;0;
8;
11;1;35;35;0;
15;
11;0;0;0;0;
20;
11;0;0;0;0;
7;
11;0;0;0;0;
12;
11;0;0;0;0;
14;
11;0;0;0;0;
6;
12;1;27;27;1;
17;
12;1;27;27;1;
17;
12;2;60;33;1;
11;
10;2;60;33;1;
4;
9;2;60;33;1;
11;
9;2;60;33;1;
10;
8;1;33;33;0;
25;
7;1;33;33;0;
3;
6;0;0;0;0;
8;
6;0;0;0;0;
22;
6;1;26;26;0;
34;
6;1;26;26;0;
29;
5;2;56;30;0;
10;
5;2;56;30;0;
3;
4;2;56;30;0;
5;
4;1;30;30;0;
22;
4;1;30;30;0;
11;
5;2;62;32;1;
11;
5;1;32;32;1;
12;
5;1;32;32;1;
5;
5;1;32;32;1;
4;
5;1;32;32;1;
10;
5;0;0;0;0;
7;
5;0;0;0;0;
19;
4;0;0;0;0;
15;
5;2;58;33;0;
6;
6;3;95;37;1;
3;
7;4;133;38;1;
6;
7;4;133;38;1;
11;
9;6;205;43;4;
4;
9;6;205;43;4;
13;
10;5;197;50;5;
11;
10;4;160;50;4;
8;
10;3;122;50;4;
9;
10;4;167;50;6;
18;
11;3;139;50;3;
13;
11;3;139;50;3;
10;
10;2;89;45;2;
8;
11;3;143;54;2;
15;
11;3;143;54;2;
13;
11;2;98;54;0;
37;
11;1;54;54;0;
18;
10;1;54;54;0;
3;
10;1;54;54;0;
15;
10;0;0;0;0;
10;
10;0;0;0;0;
10;
10;0;0;0;0;
7;
10;0;0;0;0;
17;
10;0;0;0;0;
8;
10;0;0;0;0;
11;
9;0;0;0;0;
4;
8;0;0;0;0;
6;
7;0;0;0;0;
12;
6;0;0;0;0;
15;
7;1;53;53;0;
9;
4;1;53;53;0;
13;
4;1;53;53;0;
21;
3;0;0;0;0;
