43;
1;1;64;64;1;
21;
1;1;64;64;1;
4;
1;1;64;64;1;
7;
1;1;64;64;1;
11;
1;1;64;64;1;
5;
2;1;64;64;1;
25;
2;1;64;64;1;
21;
2;1;64;64;1;
10;
3;2;118;64;1;
22;
4;3;160;64;1;
10;
4;3;160;64;1;
16;
4;2;96;54;0;
20;
5;3;153;57;2;
23;
5;3;153;57;2;
6;
5;2;99;57;2;
9;
5;1;57;57;2;
11;
5;1;57;57;2;
11;
6;2;107;57;2;
23;
7;2;99;50;0;
28;
7;2;99;50;0;
4;
7;2;99;50;0;
2;
7;2;99;50;0;
11;
7;2;99;50;0;
6;
7;1;49;49;0;
32;
7;0;0;0;0;
24;
6;0;0;0;0;
2;
6;0;0;0;0;
12;
7;1;18;18;0;
27;
6;1;18;18;0;
5;
6;1;18;18;0;
3;
5;1;18;18;0;
4;
4;1;18;18;0;
14;
4;0;0;0;0;
9;
4;0;0;0;0;
4;
3;0;0;0;0;
8;
3;0;0;0;0;
11;
4;1;47;47;1;
17;
3;1;47;47;1;
5;
2;1;47;47;1;
