20;
2;0;0;0;0;
4;
2;0;0;0;0;
11;
2;0;0;0;0;
16;
1;0;0;0;0;
2;
1;0;0;0;0;
25;
1;0;0;0;0;
24;
3;2;94;50;1;
6;
4;3;147;53;2;
4;
5;4;208;61;2;
17;
6;5;266;61;2;
23;
7;6;326;61;2;
31;
7;6;326;61;2;
34;
9;6;331;72;1;
25;
9;5;278;72;0;
2;
9;4;217;72;0;
19;
9;3;159;72;0;
12;
10;3;153;72;0;
10;
10;3;153;72;0;
21;
10;2;92;54;0;
32;
11;3;143;54;0;
25;
11;3;143;54;0;
9;
12;4;181;54;0;
6;
13;4;173;51;1;
15;
14;5;217;51;1;
17;
14;4;179;51;1;
24;
16;5;213;47;1;
7;
16;5;213;47;1;
8;
17;5;214;47;1;
19;
17;4;168;47;0;
22;
17;3;124;47;0;
18;
18;4;180;56;0;
14;
17;2;95;56;0;
12;
16;2;95;56;0;
10;
15;1;56;56;0;
14;
14;1;56;56;0;
23;
13;1;56;56;0;
25;
12;0;0;0;0;
23;
11;1;47;47;0;
16;
11;1;47;47;0;
17;
11;1;47;47;0;
19;
10;1;47;47;0;
28;
10;1;50;50;0;
9;
7;2;94;50;0;
16;
10;1;50;50;0;
2;
9;1;50;50;0;
22;
9;1;50;50;0;
6;
8;1;50;50;0;
11;
7;1;44;44;0;
15;
8;2;111;67;4;
12;
6;2;111;67;4;
28;
6;2;111;67;4;
28;
5;2;111;67;4;
9;
5;1;67;67;4;
6;
4;1;67;67;4;
8;
4;0;0;0;0;
14;
4;0;0;0;0;
10;
4;0;0;0;0;
17;
4;0;0;0;0;
3;
4;0;0;0;0;
4;
4;0;0;0;0;
6;
4;0;0;0;0;
25;
3;0;0;0;0;
21;
3;0;0;0;0;
5;
3;0;0;0;0;
5;
3;0;0;0;0;
30;
2;0;0;0;0;
14;
2;0;0;0;0;
12;
1;0;0;0;0;
10;
1;0;0;0;0;
23;
0;0;0;0;0;
12;
0;0;0;0;0;
