48;
5;1;23;23;0;
27;
5;1;23;23;0;
28;
5;1;23;23;0;
19;
5;1;23;23;0;
12;
5;0;0;0;0;
5;
5;0;0;0;0;
7;
5;0;0;0;0;
9;
4;0;0;0;0;
25;
4;0;0;0;0;
20;
4;0;0;0;0;
6;
5;1;27;27;0;
6;
5;1;27;27;0;
9;
7;3;79;29;2;
14;
8;4;111;32;2;
16;
8;4;111;32;2;
10;
9;4;93;39;0;
16;
10;5;118;39;0;
11;
10;4;79;25;0;
5;
10;4;79;25;0;
2;
11;4;83;25;0;
1;
11;3;66;25;0;
11;
12;4;87;25;2;
18;
13;4;79;23;2;
2;
16;5;102;24;2;
2;
18;7;144;25;2;
15;
18;6;123;25;0;
7;
19;6;120;25;0;
6;
19;6;120;25;0;
8;
20;5;100;25;0;
15;
19;4;76;25;0;
10;
19;2;34;20;0;
21;
20;3;59;25;0;
11;
21;5;118;31;0;
4;
20;5;118;31;0;
15;
19;4;98;31;0;
4;
20;5;125;31;0;
4;
20;5;125;31;0;
13;
18;4;100;31;0;
13;
17;1;27;27;0;
7;
16;1;27;27;0;
10;
16;1;27;27;0;
6;
16;0;0;0;0;
7;
16;0;0;0;0;
33;
14;0;0;0;0;
10;
14;0;0;0;0;
3;
12;0;0;0;0;
2;
12;0;0;0;0;
5;
12;0;0;0;0;
21;
10;0;0;0;0;
12;
9;0;0;0;0;
23;
7;0;0;0;0;
6;
6;0;0;0;0;
6;
5;0;0;0;0;
14;
5;0;0;0;0;
31;
5;0;0;0;0;
11;
1;0;0;0;0;
10;
1;0;0;0;0;
9;
1;0;0;0;0;
16;
2;1;23;23;0;
21;
2;2;61;38;0;
31;
3;3;85;38;0;
11;
4;4;114;38;2;
4;
5;5;144;38;2;
10;
6;6;173;38;2;
13;
7;6;180;38;3;
30;
7;5;142;30;3;
19;
7;4;118;30;3;
