48;
5;1;23;23;0;
27;
5;1;23;23;0;
28;
5;1;23;23;0;
19;
5;1;23;23;0;
12;
5;0;0;0;0;
5;
5;0;0;0;0;
7;
5;0;0;0;0;
9;
4;0;0;0;0;
25;
4;0;0;0;0;
20;
4;0;0;0;0;
6;
5;1;27;27;0;
6;
5;1;27;27;0;
9;
7;3;79;29;2;
14;
8;4;111;32;2;
16;
8;4;111;32;2;
10;
9;4;93;39;0;
16;
10;5;118;39;0;
11;
10;4;79;25;0;
5;
10;4;79;25;0;
2;
11;4;83;25;0;
1;
11;3;66;25;0;
11;
12;4;87;25;2;
18;
13;4;79;23;2;
2;
16;5;102;24;2;
2;
18;7;144;25;2;
15;
18;6;123;25;0;
7;
19;6;120;25;0;
6;
19;6;120;25;0;
8;
20;5;100;25;0;
15;
19;4;76;25;0;
10;
19;2;34;20;0;
21;
20;3;59;25;0;
11;
21;5;118;31;0;
4;
20;5;118;31;0;
15;
19;4;98;31;0;
4;
20;5;125;31;0;
4;
20;5;125;31;0;
13;
18;4;100;31;0;
13;
17;1;27;27;0;
7;
16;1;27;27;0;
10;
16;1;27;27;0;
6;
16;0;0;0;0;
7;
16;0;0;0;0;
33;
14;0;0;0;0;
10;
14;0;0;0;0;
3;
12;0;0;0;0;
2;
12;0;0;0;0;
5;
12;0;0;0;0;
21;
10;0;0;0;0;
12;
9;0;0;0;0;
23;
7;0;0;0;0;
6;
6;0;0;0;0;
6;
5;0;0;0;0;
14;
5;0;0;0;0;
31;
5;0;0;0;0;
11;
1;0;0;0;0;
10;
1;0;0;0;0;
9;
1;0;0;0;0;
16;
2;1;23;23;0;
21;
2;2;61;38;0;
31;
3;3;85;38;0;
11;
4;4;114;38;2;
4;
5;5;144;38;2;
10;
6;6;173;38;2;
13;
7;6;180;38;3;
30;
7;5;142;30;3;
19;
7;4;118;30;3;
5;
8;4;121;32;3;
4;
10;4;111;32;3;
14;
10;3;81;32;2;
29;
11;4;116;35;2;
26;
11;4;116;35;2;
6;
11;3;84;35;0;
13;
11;2;64;35;0;
8;
11;1;35;35;0;
8;
11;1;35;35;0;
15;
11;0;0;0;0;
20;
11;0;0;0;0;
7;
11;0;0;0;0;
12;
11;0;0;0;0;
14;
11;0;0;0;0;
6;
12;1;27;27;1;
17;
12;1;27;27;1;
17;
12;2;60;33;1;
11;
10;2;60;33;1;
4;
9;2;60;33;1;
11;
9;2;60;33;1;
10;
8;1;33;33;0;
25;
7;1;33;33;0;
3;
6;0;0;0;0;
8;
6;0;0;0;0;
22;
6;1;26;26;0;
34;
6;1;26;26;0;
29;
5;2;56;30;0;
10;
5;2;56;30;0;
3;
4;2;56;30;0;
5;
4;1;30;30;0;
22;
4;1;30;30;0;
11;
5;2;62;32;1;
11;
5;1;32;32;1;
12;
5;1;32;32;1;
5;
5;1;32;32;1;
4;
5;1;32;32;1;
10;
5;0;0;0;0;
7;
5;0;0;0;0;
15;
5;2;58;33;0;
6;
6;3;95;37;1;
3;
7;4;133;38;1;
6;
7;4;133;38;1;
11;
9;6;205;43;4;
4;
9;6;205;43;4;
13;
10;5;197;50;5;
11;
10;4;160;50;4;
8;
10;3;122;50;4;
9;
10;4;167;50;6;
18;
11;3;139;50;3;
13;
11;3;139;50;3;
10;
10;2;89;45;2;
8;
11;3;143;54;2;
15;
11;3;143;54;2;
13;
11;2;98;54;0;
37;
11;1;54;54;0;
18;
10;1;54;54;0;
3;
10;1;54;54;0;
15;
10;0;0;0;0;
10;
10;0;0;0;0;
7;
10;0;0;0;0;
17;
10;0;0;0;0;
8;
10;0;0;0;0;
6;
7;0;0;0;0;
12;
6;0;0;0;0;
15;
7;1;53;53;0;
9;
4;1;53;53;0;
13;
4;1;53;53;0;
21;
3;0;0;0;0;
20;
2;0;0;0;0;
4;
2;0;0;0;0;
11;
2;0;0;0;0;
16;
1;0;0;0;0;
2;
1;0;0;0;0;
24;
3;2;94;50;1;
6;
4;3;147;53;2;
4;
5;4;208;61;2;
17;
6;5;266;61;2;
23;
7;6;326;61;2;
31;
7;6;326;61;2;
34;
9;6;331;72;1;
25;
9;5;278;72;0;
2;
9;4;217;72;0;
19;
9;3;159;72;0;
12;
10;3;153;72;0;
10;
10;3;153;72;0;
21;
10;2;92;54;0;
32;
11;3;143;54;0;
25;
11;3;143;54;0;
9;
12;4;181;54;0;
6;
13;4;173;51;1;
15;
14;5;217;51;1;
17;
14;4;179;51;1;
24;
16;5;213;47;1;
7;
16;5;213;47;1;
8;
17;5;214;47;1;
19;
17;4;168;47;0;
22;
17;3;124;47;0;
18;
18;4;180;56;0;
14;
17;2;95;56;0;
12;
16;2;95;56;0;
10;
15;1;56;56;0;
14;
14;1;56;56;0;
23;
13;1;56;56;0;
25;
12;0;0;0;0;
23;
11;1;47;47;0;
16;
11;1;47;47;0;
17;
11;1;47;47;0;
19;
10;1;47;47;0;
28;
10;1;50;50;0;
9;
7;2;94;50;0;
16;
10;1;50;50;0;
2;
9;1;50;50;0;
22;
9;1;50;50;0;
6;
8;1;50;50;0;
11;
7;1;44;44;0;
15;
8;2;111;67;4;
12;
6;2;111;67;4;
28;
6;2;111;67;4;
28;
5;2;111;67;4;
9;
5;1;67;67;4;
6;
4;1;67;67;4;
17;
4;0;0;0;0;
3;
4;0;0;0;0;
4;
4;0;0;0;0;
6;
4;0;0;0;0;
25;
3;0;0;0;0;
21;
3;0;0;0;0;
5;
3;0;0;0;0;
5;
3;0;0;0;0;
8;
0;0;0;0;0;
2
0;0;0;0;0;
29
0;0;0;0;0;
8;
0;0;0;0;0;
43;
1;1;64;64;1;
21;
1;1;64;64;1;
4;
1;1;64;64;1;
7;
1;1;64;64;1;
11;
1;1;64;64;1;
5;
2;1;64;64;1;
25;
2;1;64;64;1;
21;
2;1;64;64;1;
10;
3;2;118;64;1;
22;
4;3;160;64;1;
10;
4;3;160;64;1;
16;
4;2;96;54;0;
20;
5;3;153;57;2;
23;
5;3;153;57;2;
6;
5;2;99;57;2;
9;
5;1;57;57;2;
11;
5;1;57;57;2;
11;
6;2;107;57;2;
23;
7;2;99;50;0;
28;
7;2;99;50;0;
4;
7;2;99;50;0;
2;
7;2;99;50;0;
11;
7;2;99;50;0;
6;
7;1;49;49;0;
32;
7;0;0;0;0;
24;
6;0;0;0;0;
2;
6;0;0;0;0;
12;
7;1;18;18;0;
27;
6;1;18;18;0;
5;
6;1;18;18;0;
3;
5;1;18;18;0;
4;
4;1;18;18;0;
14;
4;0;0;0;0;
9;
4;0;0;0;0;
4;
3;0;0;0;0;
8;
3;0;0;0;0;
11;
4;1;47;47;1;
17;
3;1;47;47;1;
5;
2;1;47;47;1;